Extremadura Grupo Laura Otero

1

5

78

37

41

41

110

9

13

1,8

-4%

86

8

18

24

28%

19%

122

10

6

57

47%

34%

0

12

2,4

Intasa San Sadurniño

1

5

77

30

47

25

103

8

17

1,6

-9%

97

9

24

21

22%

12%

139

14

12

63

45%

27%

0

6

1,2

Club Vigo Voleibol

1

4

72

25

47

38

106

3

12

0,8

-8%

80

3

29

7

9%

5%

122

13

6

54

44%

29%

0

15

3,8

VP Madrid

1

4

71

33

38

50

92

4

4

1,0

0%

64

1

17

32

50%

48%

117

8

8

56

48%

34%

0

11

2,8

Sedka Novias Villena Petrer

1

4

71

24

47

33

99

4

12

1,0

-8%

91

3

15

43

47%

44%

140

15

8

59

42%

26%

0

8

2,0

Servigroup Benidorm

1

4

68

28

40

33

96

6

12

1,5

-6%

73

5

36

18

25%

18%

106

11

7

47

44%

27%

0

15

3,8

Familycash Xátiva Voleibol

1

4

66

21

45

36

98

3

7

0,8

-4%

86

3

17

42

49%

45%

133

12

8

55

41%

26%

0

8

2,0

Extremadura Aparthotel MM Badajoz

1

4

65

20

45

13

94

3

14

0,8

-12%

94

3

11

38

40%

37%

136

20

15

56

41%

15%

0

6

1,5

Arona Intersport

1

3

61

30

31

45

74

5

6

1,7

-1%

44

4

5

29

66%

57%

78

4

2

46

59%

51%

0

10

3,3

Grupo Egido Pinto

1

4

58

15

43

25

76

1

12

0,3

-14%

88

4

21

32

36%

32%

120

6

11

49

41%

27%

0

8

2,0

Leleman VB Valencia

1

3

54

20

34

24

73

6

12

2,0

-8%

54

2

10

23

43%

39%

93

9

7

46

49%

32%

0

2

0,7

Tarragona SPSP

1

4

53

12

41

10

83

5

10

1,3

-6%

84

6

25

33

39%

32%

109

12

15

41

38%

13%

0

7

1,8

Mediterráneo Castellón

1

3

52

27

25

32

74

5

6

1,7

-1%

42

2

5

2

5%

0%

83

6

6

43

52%

37%

0

4

1,3

CV Sayre

1

3

50

23

27

23

73

3

7

1,0

-5%

50

5

14

13

26%

16%

85

10

5

41

48%

31%

0

6

2,0

cvleganes.com

1

3

49

24

25

14

75

5

17

1,7

-16%

49

3

6

26

53%

47%

77

12

3

36

47%

27%

0

8

2,7

Calasancias Coruña

1

3

37

14

23

5

60

5

10

1,7

-8%

66

3

26

15

23%

18%

93

13

6

27

29%

9%

0

5

1,7

Club Voleibol Collado Villalba

1

3

37

9

28

8

51

4

7

1,3

-6%

68

5

28

26

38%

31%

93

7

10

31

33%

15%

0

2

0,7

Refoart Volei Muro

1

3

36

9

27

10

51

2

9

0,7

-14%

68

5

6

12

18%

10%

80

8

4

28

35%

20%

0

6

2,0

CEVOL Torredembarra

1

3

36

12

24

13

61

2

7

0,7

-8%

61

6

19

19

31%

21%

81

8

2

27

33%

21%

0

7

2,3

Michelin Mintonette Almería

1

3

28

9

19

-7

61

3

12

1,0

-15%

58

5

20

18

31%

22%

75

10

8

22

29%

5%

0

3

1,0